20 25 
3 
2 1
8 2
1 5
14 7 
0001000101101111011111011
1000010101111110011011100
0001100111111000000111100
0000101101010100110000010
0110000100110010001001100
1111000100111000011000001
0000011011111001110000101
0011100101100001100111101
0111001101000111001111101
0011101100101101101110011
0101011111011111111010101
0110001000000100001100011
0111001001010010101001000
0000000000000001000100010
1011101000100100001111001
1101101011011101111110011
0001011010000100011001111
0011110010100101001100001
1110000111110100101100101
0100100111001110000010011